beta=0.988173;
alpha=0.333333;
mu=5;
dss=0.01843;
gx=1.0029;
phi1=0.0333333;
phi2=100;
gamma=1;
rhot=0.9;
rhoz=0.9;
sigmat=0.0096;
sigmaz=0.0072;
B=0.334784;
