c=0.829255;
k=10.5409;
n=0.333333;
u=1;
